import numpy as np

r1 = np.mat([[0.9999733194483584, 0.007244248587308488, 0.000938751211371075],
             [-0.007247753371507265, 0.9999665696938931, 0.003785441281400237],
             [-0.0009112971509758205, -0.003792144120995877, 0.9999923945613128]])

r2 = np.mat([[0.9999746653944103, -0.006908372205331276, -0.001715506575237453],
             [0.006900031719959926, 0.9999645728690731, -0.004821054763793048],
             [0.001748751440491615, 0.004809095574487166, 0.999986907148366]])

r = r1 * r2
print(r)

r10 = np.mat([[-0.9983240546629509, 0.05785873279342192, -0.001203711287874089],
              [0.05785727711816275, 0.997409952453447, -0.04273081126406542],
              [-0.001271756972567544, -0.04272884021773188, -0.9990858966314411]])

r11 = np.mat([[0.9999998551025941, 0.0004290439888380848, -0.0003251400415256456],
              [-0.0004290376573807542, 0.9999999077723851, 1.954251464569845e-05],
              [0.0003251483961371482, -1.940301449226967e-05, 0.9999999469510203]])

r12 = r11 * r10
# print(r12)
